%YAML:1.0
---
transformation_matrix: !!opencv-matrix
   rows: 3
   cols: 3
   dt: d
   data: [ 3.9474072339936839e+01, -4.3199280142289354e-02, 0.,
       7.6194160292025970e-02, -3.6531926362232625e+01, 0.,
       1.0791771511607617e-01, 2.0848883166610264e+01, 0. ]
