%YAML:1.0
---
camera_matrix: !!opencv-matrix
   rows: 3
   cols: 3
   dt: d
   data: [ 1.1637751061023471e+03, 0., 6.2690012456901900e+02, 0.,
       1.1615450066609321e+03, 4.9896265695914110e+02, 0., 0., 1. ]
dist_coeff: !!opencv-matrix
   rows: 1
   cols: 5
   dt: d
   data: [ 7.8511950764877519e-02, -3.2992600794324761e-01,
       7.9063570797563692e-04, -1.3381433156398098e-03,
       1.3982761624534609e-01 ]
new_camera_matrix: !!opencv-matrix
   rows: 3
   cols: 3
   dt: d
   data: [ 1.1267974853515625e+03, 0., 6.2163401944599173e+02, 0.,
       1.1206480712890625e+03, 5.0022702565696090e+02, 0., 0., 1. ]
