%YAML:1.0
---
transformation_matrix: !!opencv-matrix
   rows: 3
   cols: 3
   dt: d
   data: [ 1.0145033417930910e+02, -9.9792331881791938e+00, 0.,
       -1.4711907261531536e+00, -6.5676912838510162e+01, 0.,
       2.3801144362485971e-01, 6.2147982091277527e+01, 0. ]
