%YAML:1.0
---
transformation_matrix: !!opencv-matrix
   rows: 3
   cols: 3
   dt: d
   data: [ 9.9625984104921599e+01, -2.2868525380499705e+00, 0.,
       1.8864462114507319e+00, -1.0416626354946558e+02, 0.,
       -6.3900025571427932e-01, 5.6149320520947597e+01, 0. ]
