%YAML:1.0
---
camera_matrix: !!opencv-matrix
   rows: 3
   cols: 3
   dt: d
   data: [ 5.4309770241359070e+02, 0., 3.1306731409023303e+02, 0.,
       5.4299386147321843e+02, 2.3967044938021513e+02, 0., 0., 1. ]
dist_coeff: !!opencv-matrix
   rows: 1
   cols: 5
   dt: d
   data: [ 1.6727471188108241e-02, 6.7900123597888162e-02,
       8.6055351109900276e-04, 1.6516421014634828e-03,
       -8.3620246846462287e-01 ]
new_camera_matrix: !!opencv-matrix
   rows: 3
   cols: 3
   dt: d
   data: [ 4.5198577880859375e+02, 0., 2.9482585148805811e+02, 0.,
       5.1395440673828125e+02, 2.3966778981241077e+02, 0., 0., 1. ]
