%YAML:1.0
---
camera_matrix: !!opencv-matrix
   rows: 3
   cols: 3
   dt: d
   data: [ 5.4514756341142515e+02, 0., 3.1931266759186320e+02, 0.,
       5.4481618440402201e+02, 2.3350032828675685e+02, 0., 0., 1. ]
dist_coeff: !!opencv-matrix
   rows: 1
   cols: 5
   dt: d
   data: [ 6.4028720516161819e-02, -2.9505193795017592e-01,
       -1.0391535950762803e-03, 3.0558477124593623e-03,
       2.8039734771915698e-02 ]
new_camera_matrix: !!opencv-matrix
   rows: 3
   cols: 3
   dt: d
   data: [ 5.0425354003906250e+02, 0., 3.2214392368565314e+02, 0.,
       5.0383538818359375e+02, 2.3083955537714428e+02, 0., 0., 1. ]
