%YAML:1.0
---
camera_matrix: !!opencv-matrix
   rows: 3
   cols: 3
   dt: d
   data: [ 1.1429337136713855e+03, 0., 6.4975092817220309e+02, 0.,
       1.1470004748762099e+03, 4.8352112019136518e+02, 0., 0., 1. ]
dist_coeff: !!opencv-matrix
   rows: 1
   cols: 5
   dt: d
   data: [ 5.2862769842556201e-03, 2.7017561795848644e-01,
       -6.8587052300623803e-03, 2.8832925003771928e-03,
       -1.1276191766919446e+00 ]
new_camera_matrix: !!opencv-matrix
   rows: 3
   cols: 3
   dt: d
   data: [ 8.7670367431640625e+02, 0., 5.4639647923009034e+02, 0.,
       9.0396368408203125e+02, 5.7049503618453673e+02, 0., 0., 1. ]
