%YAML:1.0
---
camera_matrix: !!opencv-matrix
   rows: 3
   cols: 3
   dt: d
   data: [ 1.1480880652144842e+03, 0., 6.3667074941609462e+02, 0.,
       1.1469331626025607e+03, 4.9139883980910781e+02, 0., 0., 1. ]
dist_coeff: !!opencv-matrix
   rows: 1
   cols: 5
   dt: d
   data: [ 4.9261097494485095e-02, -1.6194984113883334e-01,
       -1.5834060805358112e-03, 1.2949070791680368e-03,
       -2.4125803094789675e-01 ]
new_camera_matrix: !!opencv-matrix
   rows: 3
   cols: 3
   dt: d
   data: [ 1.0618529052734375e+03, 0., 6.3330561565022072e+02, 0.,
       1.0559395751953125e+03, 4.8914343902036853e+02, 0., 0., 1. ]
