%YAML:1.0
---
K: !!opencv-matrix
   rows: 3
   cols: 3
   dt: d
   data: [ 1.2959814468496559e+03, 0., 6.5970551310744827e+02, 0.,
       1.3562064488790852e+03, 3.0643214760856654e+02, 0., 0., 1. ]
D: !!opencv-matrix
   rows: 1
   cols: 5
   dt: d
   data: [ 1.4714108136039383e-01, -9.8433937502108437e-01,
       2.6377710910111588e-03, 7.1592903771330674e-03,
       1.7785652802942198e+00 ]
