%YAML:1.0
---
camera_matrix: !!opencv-matrix
   rows: 3
   cols: 3
   dt: d
   data: [ 1.3094771313181097e+03, 0., 6.6063666818389277e+02, 0.,
       1.3979187596307977e+03, 2.9944778929985250e+02, 0., 0., 1. ]
dist_coeff: !!opencv-matrix
   rows: 1
   cols: 5
   dt: d
   data: [ 1.5015286812900047e-01, -1.0174545807690847e+00,
       2.7414135913961584e-03, 7.4917996098600934e-03,
       1.8666657434594844e+00 ]
